693376242
1608441292515813
100007080909036
1152229018204488
100008128636471
422763
10207546983206372
1174303682645342
10201138624823790
10154277690960821
933013026754480
563188046
10154029382167683
10153900153010814
10153106172466786
10103099304760247
10154196105071202
6206241
10155505756565341
668257726665109
1771543859744658
782611288513122
10156573729955643
626122128
215157105567764
10205938803135156
383975611944146
10153225720740980
16318936
1308450845841080
10154140798319784
10154184515483319
1225470218
10206386528880979
10153535915596179
1215823831790012
1070543040
589898563
10203295894197796
10153122995823034
866056185015
10152851307121761
10211492506816584
10205573572005810
10208979243828626
357049597975142
10153879707452547
10206692378255839
1092921001
10206333394600987
1583880031
10155065418009989
10157837643830577
698803809
544984501
714528573
10154278970864911
586572354818662
10153830740304695
10209531879309775
1331040025
1404101782933304
10206408676646448
10157055341745203
1042167332472706
1147438041933985
10210130554876964
791897874246196
762556193883199
10205957166825802
10206371530001842
741202436
466963153499906
5701094
10154776835966679
6014922
958654977492339
984468141619302
10153457215452720
667453811
1106730133
10153662520558823
1377790398898825
883130678407434
103640996797899
10205318945966177
322355424789655
10150578069749964
1038180280
621641494659231
10208650159671622
974448745909414
544671228
1056125004435353
10206545859341027
6906683
10153954593621323
10209031604125846
1216828124993921
10204714308844758
10100622339354400
1281234455225897
1219074575
10103297081559063
10102782529934867
656753832
19502352
738593352917665
1770138656607554
10152956439769130
833345555
1378692239
1377630107
10152115182053207
1075466052520468
10204953664030606
1083690618320350
1146699322007801
1097686720263696
1121375171209145
10207333475590592
1004757965
10209907987600658
1280114852012832
950526058336480
474295892764880
10209200701229250
1823835614565758
896180600
10210077253664336
1735557046726274
1460780817270993
878889055491699
100000126455041
1368751782
1042149423
1046981188669513
731697023
10204870722822986
666166773533480
647765887
143876396022867
10206645874040880
1348807058476732
10102920208076630
10207389395791874
1398849826799054
1242030505
748419550
1065991387
859654754100472
10205800785332080
1116330131
843195665779830
10104505520931739
1118416664890628
204685383284812
1006680692677347
832383869326
1189025217787041
10102012433828515
100000200182312
10153169625118315
1192025137481839
10156214193025463
863394890421974
10204851691147122
319882831687324
10153643189776487
10204369505032820
10154248320135211
100001670455713
10208079627651941
10154032777074032
10204973099703346
10207805108955256
1368516166510412
1027982227261302
507096209
10154256421312902
965896703514630
10154022503472560
675682299249678
1029209617130045
1493248124024656
5712216
457088824446654
10153036509987997
10207798347489006
10210176049456762
34202614
970802566289723
10203399452697651
1407909649220960
10209147736588927
10203211739516319
1346055918742878
669596118
10207186479314377
8373041
10205093286716634
1664615147200400
10205852165527814
10105189037758553
10155462130681959
110500471
10153221566846998
1318403271517595
10154350941999782
1361243744
10153370009760773
10152348893037884
1805320421
715683958554567
767435163
1642617926010361
10153381906377181
1427896233888938
10103244142733910
1743489509256905
100001688047445
10205538513475286
27608778
10153507976867347
1460858573928234
100001183657093
10204376291586867
431580093652024
664307853
737143637
10153498092876367
10153801464194906
10207814813311444
535903662
46801435
10153473013256074
545444228
10156561198505182
1529521281
714034208753923
1500277866941315
1173110798
10209138231326875
936894976381158
1179031218849621
583163315159938
10208157389845050
1018380360
724650549
10153811420926114
494013844086170
1160692490692763
1185629508187994
708368658
1066151070087521
1485119988182340
10152763109589972
10154187923311996
10103463425823715
10207476757191534
1047250855334337
1741097706132297
10101481475513119
10207064149180010
100000296980697
10204119485386396
1460471107
264119780611214
12811117
10156056185335018
10207245932923760
10207192697077940
1496673777016017
1229530323806799
10211869824847472
10207566637316341
10102947733116092
1129432643759972
10209493156119459
10207593872034263
784493922
1124633377550113
10203183800235643
10205070427186398
10207620351964027
689169408825
919547181523353
10207788076316804
583064466
10209603368954086
10100476162963088
10152909991322063
10154135303726800
10105316800441191
1122015527835333
10206203857295065
10206640097469385
10205167911589914
10153012570128511
685173254
867847116695055
1176503054
803720171831
546405054803
1322988797714687
816692355076038
899832316776856
10104169078944220
10101009540035770
1166494256726633
911478452756
10157046813835321
765824364
10156374713770151
1057251584313202
10153315501231107
194901091
1322193144471759
1439010152
1395799990
675484789
10151962484296222
574797085561
10208795154772604
685658650
10205922118149786
1197888060249212
10204074946588530
1006773959417297
10205880954937060
923669184323321
1666063098
10205915092470980
1146538118768104
10052938
725806466
1078042172220648
10204293935684963
10153613020635443
100000280332678
1130524696960706
1091354300961409
10206143211852222
10154664277081424
10209094055462274
10205200772690067
18411003
10208796862620622
34309939
666733386731706
733263673481001
1335983933118322
1193483183998734
10204549484599619
10156802830730032
1010065992347280
1618992998350989
1518650201497445
10154174711939380
10205249626632680
313258842372058
10154471453143102
10208045692122784
1064092896964001
10211323469551948
1345667065
10210816906517761
42700058
10204832182476680
100000674524856
1447413911954579
10210140823504245
10206986036798542
1038675964
1903888
10103214935764804
838626032898885
1462645817083837
10103992253294282
632112336862202
10208726024922527
10153815757049220
10100281266666379
10103408702599552
10153598413066349
1173649749356690
1138381419520453
10208781817841063
10208334975154110
10154436265360229
10207858016758008
623958144413711
552723423
10103068329290392
10153732270851795
924643677670504
10153057134907251
10157987983465651
100002408573533
10157795147390263
502473239
10156048629110607
10104583154094301
40300415
10205691521469454
7906823
1204514542942203
580412476
100000210513021
796268573
1089096514478862
10154415552595850
10154086503301387
1158589340840847
10206663054409171
10103203437297862
10157740245670206
10210132954864995
1605738119695134
588782198
810500292
10152441212204705
971662649556585
10153530835134146
10204208349394477
10208780222613457
1066291390123401
1146811288
530678423781084
1633798643600147
808262062649273
6000644
10208343007401878
647384396
1433981011
100000496670726
203251
954387654607974
10103308930049553
10153985588761383
10207782036173488
710230078
1071182762999204
205400015
694531287
10157430751550077
1444157053
10153283189013573
564959901
679391947
10208453528645747
10205236955862162
100001310602661
10210872153188721
1313145798715711
10153563580077029
537237159786336
1397095550317177
1113250052025177
570786158
1648566562053253
100002058319212
10205812729972728
10209826188719413
1197709866969983
1188971224528023
10800042
1247000998662585
516937668
10153946918109659
100000062588776
598536049
10206969944148567
10209584644275742
1273447299345470
1011330905
10206302378181598
545188273
10202666610919204
1105022772862321
10153627018306294
735808079
100000868412654
10208129738575825
