10154432590484170
10204302377379881
516241610
1007100037
8815778
509951848
971714746172222
509951848
971714746172222
10101860497924105
704872135
10155937689170247
1106378202724375
1339284336087433
10208694708110403
10153534393055399
1231110916913306
10210302967994671
1082437585140019
603573225
43303221
10206189782248839
1249051535139021
19603716
100006162214478
10100517181346572
10206692433138661
839680416
2540304
10204851882246039
10211200638796590
10103955550027901
10154154198743605
943395009032973
10206213306111893
10207758142418784
1353516797994912
10152334578099254
1014122625306183
571412973030498
10209662525458019
1468110166
1033144666733850
10101673053893538
10205510127732770
394933477374667
556538457
10154120360011552
10203352868377434
10209517567523081
10153642176061723
1359697090727451
10207858977130585
10100325531968225
506710727
993718580681196
1146030558794694
10155916426740328
10152973231543995
1331364423541300
906492216040669
1475782075
10206907183494332
963330413688093
10101025755230105
10205799612689700
10101202442237924
1229760097
10154641714677494
1617775061843563
10203975141327475
10152931502063862
10153875388454490
