10205556199558955
10206254961966317
10153450438455859
10153016101942983
1111126168965136
1767918810134755
10207319029921609
10208437908856184
500234695
10102588442457633
10205456672127975
1385103741503558
1385103741503558
626296674
1029955323762438
1090846234291806
740041812810186
10207710473893279
1120187808053897
10154609588535712
10203536527964829
1440519645
1696858593862611
10204260014780038
1116517305106414
10154097534875479
10209318973398608
950173011686116
1051652658210118
10156443715410074
10153979326545262
10206108030099441
10208357603872531
10205308219652585
1322836914399745
719180291569405
10204834449518084
1063345669
1188702517840399
1439396739410189
10152065259280108
10154808695049577
1550345738614323
10211588980149299
1383687399
10100149846403439
10105862122860659
657365484
1931158627109779
100004194909415
10153647128448759
10103396298602385
1352481719
745284178006
100000724538755
10101004562026725
10153739215517177
10153652224560837
10208069405186519
3508099058816
10203726821809778
10103077702356897
10203658017279070
10100634369096485
780175561
10154157929583657
694205037
10208939074412366
