10104451901640257
1832427980372221
1402050418
10203897267110571
100001390156186
1148848778519215
1086005344846704
1207313832625364
10156241229715405
10207649425260201
858054577596444
10203063874437030
818430298229876
100000205657406
746069195
967950179947113
8232151
1090497431038979
8232151
1090497431038979
10154000759415632
93403787
797513623687905
808605117
916706935018254
890499957674078
100005885433262
693177868
10153158488372026
898745353605033
1225701
899227556848062
1311250361
10102580738152022
284990818547974
568366802
638428139646866
1772786759676546
10153282438552268
