572276257
10153720132444432
10205743538283574
1423830283
10153707551134305
10206186387126394
1054846077927865
10156224096815099
10208143399134109
1038316651
37526932
10100727770239845
10101509770744231
10100697765404341
10209442258267743
121802944
6301925
1364207916924962
10152310487375155
10208647884853375
100000451481144
10206311375442853
10205480341868827
1268258999
100000130417227
980868368615044
10205576467875846
10154026324890206
1357735987575071
10154535619222667
977544315613911
1059141470792294
10206470253059416
10100161622744110
556983128
1466831961
1810632819153100
46304236
1710029
909152625850727
10208370857007765
10153736503473828
674590453
33553
10210417461543091
1344091109
10157044792655175
10101488811262280
10207371653632808
10100138694796827
10203246812569741
10206797219681033
7801184
938411710200
771195380
14311105
10208939984243198
10210083481863967
1341600139
1344315414
10153855749023336
10153955386378001
10153517192512989
502400653287865
1291230206
1132299923516601
10205631099775979
10153023246448611
10154127038605070
19202688
10209727916451458
1120602821355323
10157544215555438
10152600122146174
917534756474
1045247188840753
10153557656154481
10154282114319214
10208180114374178
678276142321970
10153569548401184
10204056737639820
10202696952984436
10153505365583048
10101395958514856
735477727
63000676
1277246575651702
587046642
1286426904733709
10155409998939418
2613292
10120351
1219676581380571
10153788583104906
10153724114435421
10153861345828107
6407971
1184484631576333
1241640617
215301139
10100449390439906
10154372530832716
691844290
10210710570186926
796146720468172
10209469760893776
1554821217
10154447874357682
10205661219598027
698847195
1561907624
1092291157485900
1135150769887398
32102312
632862426875327
1260093224020335
1832132320261240
10210373167637149
10207949307542969
658500334251418
10154587315248906
618241418
1236870072
1352929331401364
1209565665728679
10100209290846782
686394849
1199615790097568
10153631684458573
1117715874907038
588725140
72203895
1457185080964086
10153100580235916
10153191874782316
10157355267185302
10153473226768201
100000059381342
573463973
10912205
17703659
231965317206850
1001511896571989
10153068215975443
1159967537374614
1010634829080525
100000184316146
10107518660186594
830360062
10204967980614775
1307538239278771
649766524
468839109954755
117000048
1163006823768275
2816390167243
10102454902148367
1235190433159422
526641909
1350879241620635
10208374893564193
15260
766519592168
888869567842078
10208214176885657
10153396787238878
679944658775347
1302101149808797
1005658072822994
1043944606
10207071987948010
10210247212075218
1193979544020813
1243590086
997324726990632
1442778002414461
10157657368390058
10209037830446861
1226780352
10104115247358260
1057644434259725
1082760137
10153824602529832
10154928949757004
776134147
1003835336302236
100004575330704
1498684313
947850028572455
10100630605219229
10207643368470592
10153693587105535
10207970699245082
1286856221339288
10154120257713559
1326386344045339
1285500664795971
1191421371
100008393535174
10153770382199173
10208055489979048
1225414074158572
10208234920222930
1054410307
392900460909729
10207171478379299
10207249052197936
10152706221603097
10207478311057414
10154461915771458
692268221
862374023805063
1051410227
7958879
10105245231730595
10153990682341463
1153511681
10152637505861479
10153718374822892
1165558973509894
666762020
10153076831523016
943892772366144
10209153077171580
10207110905841556
1038424739503417
10100752914236136
10209070258307082
10209372158091627
1191373810876468
1510080121
1733491373535281
10208417833458989
1003859529636184
1165980136843044
1693023610910487
10154919076868712
694256696
10030186
1539270913
10207311224161325
678680925
10153197032246042
985141974879997
1055446480
606655392818997
1091933690914469
10207811366658263
16602666
10204268326135006
920530484663366
706940047
935468699830421
802561310054
10153551116946939
10155701555225013
10202757621892998
664817593681914
10205118335152860
10211317889443334
10153093907506224
10205566970891887
10155876929475265
1447080973
100000138705577
10153820851706256
10103796331927217
10210736197231149
100000159806418
1096002753802954
1378954678788342
524831654
10211335123802670
10209534842661405
10206948068912954
674663264
1258436864207903
10210398824117458
10203730281120449
10206439176273601
10153236510479160
10153108317869130
7922429
1129334787078038
10202010542724534
10156069367020716
10154806879303320
1169076136439755
10153876191972288
10201569502957004
10153942848079650
10204201495026895
1378264412
100003165543525
869341206520859
10100829414129238
1020322044678865
100003483001657
10101103210379983
656120928
10209134159449312
418074
10209394991544220
1359167040775930
1107630094
1227780359
468895403311830
10153562891392531
551765371642640
1156752947671800
10206484020734302
1355822258
10153239589764998
665466934
1167004800022456
178549179253591
10207659705434098
1385445298150994
100000140066796
100004039677451
560711884076533
292900929
10203890002028370
10153719912186267
10209565036712738
100000604992195
746140273
10211094565428412
10155962939970526
1549250618725545
10103579353349158
10206720965484560
10202040149065506
1270333362980162
1067895616596805
10101252915094962
10206398979586836
937530429660688
1481804718503600
100000335661789
900189713353218
10202503800635063
10154420866321041
10207061459309178
10206059639034446
958121377581500
10156789323000335
10207295622492560
696201000
100002792872102
10153704944917229
1239840405
10207086593985703
1016364634
931213010297832
1746162465621782
938557099497413
1082760119
10154784368491382
10153508993293468
10202049717752996
942571085804716
1325254800826572
10103092133965710
10208656425425241
1409606115735272
10153988670036733
10156522737630012
219129495133578
789685671716
1211594742206412
1484100271607014
1557138863
10153471525486255
10210181329632449
10204662197221585
1652110905037925
10207819409535734
10154125652344746
10152143382908380
10502228
1150562671642145
1317942102
1591165480909586
10206628661172989
1758239957781435
10156455445045524
10206681449379045
10154069559620193
10200162073332155
1445215725776419
1326731237
10205073175820783
307722249603764
541981609320881
10154155946673499
1106080570
10156216784250506
1604760076
10203920831317614
10152368664825638
10153235815249537
1297999450224931
1098244423537372
1239039952825670
10203772561422671
10102140247858297
10154235700060210
661732700660687
555348834
10208509486726937
935868830034
907960402573370
1260469457306929
1608646097
10202823859469777
1057179800959134
892323027535053
10153929027679282
10154003296800702
10153858370045421
402330
911092698933567
1195505697133277
10205642382139387
10207325620837679
10209314381484551
10207630177447265
9118579
1338976332781917
10206810919492402
10204626257674414
529217202
1308450132
1277000919011242
10206146871171105
913295158700994
1492923650
1490733509
10208403263892500
1246410094
10101123856219935
10210194092869883
10153184878293473
114500366
10207961890060573
10153741513054523
10203466021450483
1706243296329524
1797202633893917
10203956548545371
1202166739807221
9401244
10154411241833708
113472489022098
1258222148
10103564297032003
10153189597418983
565649982
10152612468025101
533057333550132
10157642888850355
1796447317
10153572073999808
10205505303535031
1158201557558439
1036910629687163
10207245053588019
769297173
1283150548368351
919798568059403
1144283608935681
820083181431080
1230231940343809
100000422767737
590268527817262
1189139714446032
1069741524
603324501
1367280192
100001049500213
566227657
10208555415796321
836139859820999
10104153324426458
193309319
362992877388454
10210809323976422
676395654
10153384703321910
1408504209161381
1630088058
10203716323493308
10208798669786131
10201132607952806
157805168024018
689958601155500
10202581523535078
10153604778241307
10206019573780834
13955642
12711458
10155553253745459
1150080390
10102764314802884
143488736070044
500806714
1159117690791580
100001521705207
1278673632152553
441934709529018
1101280873276055
1037130679749866
100001024688565
10153798450191686
730627120824
640807559
625499144282594
563189595
8626380
10211315519868120
10100527328576499
1649829835
10207825711974650
